date
Caution!
 This is the one we record the measurements seperately.
We measure the mean value of Phi and Phi^2.
And we record Phi during measurements.

# of Measurements = 10000	# of inbetween sweeps = 10


a = 9
m^2 = -0.00246914
epsilon = 0.9

1.05328e+06
742425
801280
394004
316894
264727
1.86103e+06
205511
167629
172600
139472
935576
119512
770595
98409
96470.8
86550.5
110670
81463.6
74083.6
72676.7
68702.7
456708
86264.6
83588.4
67512.1
59500.3
58820.7
56537.3
61430.4
54240.5
53498.4
52416.6
51724.3
51091.5
67193.9
49191.6
48970.6
48335.3
52893.5
46792.9
51804.5
48365.4
45631.3
45283.7
45956.7
49969.2
44641.9
43641.1
43267.6
45342.6
58580.5
42386.4
42163.6
42483.1
41864.1
41630.5
46463.9
40862.9
40877.1
41475.9
41250.1
45211.4
293371
39391.4
39344.3
39276.2
39348.5
38938.5
41260.5
39284.1
40926.9
39507.2
39351.3
40581.8
39311.6
38006.4
38006.3
39175.9
38105.8
43242.2
40134.5
53198.8
290674
38483
37158.5
38272.9
42393.5
36692.4
37292.9
42215.6
36491.4
36542.2
285224
36487
38741.9
36719.6
41573.8
35818
51133.9
